0: 81 180 311 555 775 782 824 916 948 1039 1450 1642 1778 1806 1838 2032 2045 3068 3119 3162 3174 3367 3480 3499 3696 3864 4058 4117 4211 4415 4561 4584 4752 4803 5043 5446 5522 6108 6148 6234 6314 6329 6806 6880 7208 7247 7261 7977 246 321 467 912 983 1342 1361 1692 1905 1944 2254 2454 2594 2785 2894 2938 3050 3066 3212 3546 3816 3924 4099 4194 4383 4587 4703 4916 5233 5236 5258 5403 5412 5445 5458 5590 5676 5832 5890 6335 6406 6749 6751 7028 7030 7317 7318 7404 7442 7544 7588 7763 
1: 146 314 730 751 897 1215 1359 1426 1542 1718 1801 1883 1898 1926 1997 2053 2374 2537 2659 2718 2779 2821 2850 2853 2895 3100 3113 3280 3390 3483 3687 3856 3861 4073 4138 4165 4173 4251 4270 4275 4353 4469 4578 4611 4632 4787 5018 5083 5210 5237 5244 5672 5897 5915 5919 6107 6162 6248 6340 6442 6632 6652 6667 6724 6955 7044 7321 7333 7366 7471 7522 7602 7805 7806 7866 535 536 591 1214 1458 1514 2302 3028 3169 3983 4838 5108 5370 5420 5938 6210 6308 6787 7670 7957 712 1207 6810 7234 7618 
2: 110 166 196 233 342 343 403 473 544 776 795 822 843 870 905 946 960 1235 1274 1286 1290 1304 1329 1507 1611 1667 1672 1769 1794 1890 1940 1970 2261 2389 2508 2619 2961 3086 3111 3165 3209 3214 3346 3407 3459 3515 3529 3559 3652 3695 4042 4063 4149 4168 4180 4273 4315 4345 4482 4651 4853 4869 4942 5104 5155 5163 5330 5371 5521 5597 5624 5752 5772 5848 5952 6041 6155 6256 6307 6443 6549 6842 7115 7229 7232 7308 7461 7566 7749 7997 2529 2982 3342 4416 5219 5561 6235 6567 
3: 39 183 431 514 517 563 573 587 610 727 787 860 1069 1139 1158 1200 1291 1537 1540 1643 1819 1835 2041 2066 2089 2414 2576 2578 2711 2777 2780 3116 3215 3423 3506 3693 3902 3951 4025 4049 4076 4077 4089 4131 4145 4236 4369 4468 4540 4759 4780 4929 5087 5095 5123 5410 5699 5721 5757 5787 5865 5964 6049 6103 6105 6230 6249 6379 6815 7221 7246 7270 7444 7740 7754 7800 7802 7849 7917 7934 9 549 2206 2768 2992 3006 3637 3884 4220 5812 6571 6791 
4: 12 269 275 761 804 1063 1081 1118 1199 1423 1573 1880 2191 2320 2369 2380 2472 2480 2901 2958 3204 3252 3269 3295 3375 3450 3582 3586 3662 3753 3904 3961 4046 4072 4177 4300 4474 4511 4515 4654 4705 4817 4954 4999 5245 5298 5363 5438 5505 5507 5513 5827 5971 6078 6100 6111 6183 6192 6352 6396 6438 6440 6474 6498 6514 6556 6623 6757 6825 6850 6937 7053 7067 7125 7155 7218 7418 7424 7467 7648 7876 7994 1089 1384 1447 1992 2587 3007 3065 3213 4766 4875 5126 5489 6640 6961 7081 7864 7984 
5: 274 365 858 936 1120 1224 1470 1617 1836 2035 2418 2424 2622 3155 3197 3366 3674 3682 3703 3722 3989 4226 4575 4745 4941 4957 5295 5734 6062 6264 6413 6487 6529 6871 6879 6943 7037 7052 7075 7294 7368 7547 7572 7606 7658 7736 7839 84 564 614 1141 1401 1461 1543 1585 1689 1721 1768 1831 1875 2268 2468 2577 2591 2621 2636 2670 3140 3150 3453 3470 3620 3749 3915 3949 3979 4339 4389 4732 5142 5183 5454 5552 5610 5814 5907 5984 6271 6363 6663 7113 7173 7231 7253 7322 7369 7492 7635 7704 7841 
6: 189 285 624 774 943 1130 1216 1344 1362 1408 1430 1431 1613 1644 1812 1843 1909 2070 2300 2390 2402 2423 2458 2544 2700 2742 2804 2889 3465 3525 3576 3608 3644 3683 3718 3757 3814 3869 3873 4136 4174 4276 4721 5014 5074 5080 5122 5202 5205 5269 5527 5671 5807 5851 5875 6031 6069 6244 6285 6337 6356 6645 6773 6818 6826 6845 6896 7000 7110 7164 7235 7498 7616 7666 7721 7817 7818 7819 209 1035 1113 1433 2413 3034 3707 3895 4010 4112 4159 5670 6628 7630 
7: 5 29 186 287 291 372 434 616 801 830 1298 1598 1711 1753 1963 2021 2090 2211 2227 2246 2265 2477 2492 2519 2595 2599 2606 2858 2912 2937 3069 3141 3164 3240 3511 3550 3793 3822 4013 4075 4183 4196 4302 4342 4375 4428 4430 4433 4495 4530 4667 4782 4863 4935 5055 5088 5101 5103 5275 5313 5394 5562 5564 5588 5617 5868 5987 6044 6480 6491 6541 6553 6927 7087 7128 7154 7170 7613 7730 7795 7887 7903 7909 7945 54 528 559 729 770 1262 1397 1683 2507 3798 5836 5883 6147 6468 6823 7638 
8: 13 32 34 231 363 428 450 1227 1520 1619 1799 1897 1967 2003 2255 2696 2775 2808 2919 2930 2948 2957 3009 3023 3025 3055 3062 3108 3381 3520 3548 3588 3610 3716 3972 4009 4011 4348 4374 4610 4635 4680 4727 4776 5023 5032 5120 5332 5391 5506 5512 5849 5886 5992 6053 6117 6158 6383 6532 6561 6586 6680 6726 7059 7140 7334 7391 7493 7523 7538 7734 7743 7896 53 142 423 454 1031 1560 1666 1885 2538 3317 3735 3960 3974 4783 5226 5435 5645 6142 6171 6255 6313 6437 6521 6892 7316 7380 7762 
9: 72 119 123 138 160 178 229 248 368 547 732 734 746 836 1218 1238 1415 1471 1478 1587 1830 1922 1960 2046 2051 2086 2189 2444 2448 2506 2513 2559 2713 2964 3033 3073 3131 3348 3352 3377 3522 3585 3664 3910 3927 3994 4008 4051 4213 4327 4497 4774 5186 5211 5220 5232 5280 5309 5419 5793 5805 5928 5936 6345 6470 6765 6856 6874 6984 6990 7023 7042 7152 7161 7183 7189 7834 7965 7966 7998 484 1703 2019 2309 2400 2793 3602 3802 4001 4128 4163 4323 4520 6040 6977 7169 7524 7579 7869 
10: 49 50 134 136 254 330 377 383 430 654 784 926 1014 1023 1051 1211 1299 1395 1444 1681 1733 2072 2152 2240 2307 2691 2877 2902 3019 3149 3273 3435 3669 3834 3928 4227 4360 4372 4408 4529 4589 4664 4808 5100 5502 5877 6219 6412 6488 6582 6974 7168 7382 7654 7664 7933 668 831 834 1013 1108 1451 2164 2401 3000 3330 3500 3570 3685 3712 3823 3970 4413 4751 4848 4887 5208 5322 5765 6151 6428 7001 7124 7480 7594 7643 7799 7871 
11: 158 286 739 947 976 1076 1088 1210 1233 1531 1607 1614 1695 2120 2143 2196 2299 2311 2362 2399 2434 2510 2547 2608 2918 3244 3287 3572 3843 3998 4022 4023 4092 4110 4237 4448 4647 4856 4927 4955 5286 5348 5529 5555 6269 6453 6493 6650 6701 6995 7034 7098 7420 7427 7454 7828 7885 90 391 487 488 816 989 1041 1597 1822 2069 2071 2157 2790 2892 3056 3445 4161 4718 4750 5170 5633 5760 5989 6220 6466 6528 6778 7178 7275 7733 
12: 24 406 575 711 1110 1117 1136 1213 1292 1391 1546 1572 1784 1816 1966 1972 1981 2217 2397 2406 2565 2658 2705 2712 2740 2839 2868 2973 3127 3192 3246 3304 3387 3527 3589 3612 3636 3760 3775 4016 4079 4151 4209 4264 4525 4543 4669 4685 4728 4747 4888 4946 4983 5048 5070 5187 5265 5282 5293 5325 5398 5475 5642 5651 5666 5701 5707 5755 5892 6042 6288 6306 6634 6711 6748 6848 6945 7064 7148 7292 7327 7436 7494 7505 7582 7584 7673 7735 7745 7755 7756 7769 7906 
13: 121 344 772 915 1188 1349 1715 1789 1834 2103 2220 2272 2655 2847 2994 3125 3207 3274 3293 3732 3842 3980 4081 4204 4473 4693 4763 5077 5119 5178 5414 5457 5524 5816 5828 6013 6226 6297 6353 6395 6426 6446 6502 6533 6594 6651 6696 6895 7145 7337 7414 7437 7747 7974 58 379 538 660 1253 1270 1976 2425 2453 2502 3186 3503 3996 4085 4349 4542 5105 5137 5477 5917 6136 6251 6407 6590 6662 6713 6964 7339 7948 
14: 65 139 290 328 1005 1624 1635 1678 1707 2028 2106 2115 2180 2282 2564 2976 3018 3027 3120 3451 3614 3705 3790 3975 3987 4069 4303 4659 4784 4788 4898 4912 4915 4917 4963 5024 5194 5312 5335 5569 5695 5756 5825 6121 6274 6296 6476 6608 6766 6811 6962 7099 7166 7304 7537 7655 7748 1 47 99 155 663 994 1138 1225 1420 1934 2049 2222 2294 2340 2731 2756 2886 2910 3618 3824 3841 4030 4258 4661 4744 4900 5031 5352 5485 5501 5732 6473 6552 6963 7387 7525 7562 7700 7782 7872 
15: 76 179 295 359 374 461 476 604 861 1036 1247 1275 1277 1311 1324 1441 1460 1515 1738 1751 1767 1776 2036 2133 2273 2368 2405 2530 2860 3011 3105 3202 3309 3343 3534 3675 3767 3853 4019 4096 4382 4395 4434 4535 4546 4565 4741 4994 5036 5162 5317 5415 5436 5606 5632 5641 5857 5980 6095 6246 6348 6454 6565 6578 6619 6861 6909 6986 7160 7309 7434 7507 7786 7813 7970 687 722 1192 1437 2346 3292 4864 4948 5065 5321 5369 5539 5852 6160 6165 6195 7007 7264 
16: 132 207 375 501 636 818 1149 1168 1242 1244 1318 1417 1647 1750 2383 2437 2539 2612 2688 2862 2871 2874 2876 2968 3024 3248 3472 3758 3956 4123 4688 4702 5064 5176 5361 5497 5570 5625 5994 6260 6385 6475 6483 6755 7031 7088 7122 7129 7402 7447 7482 7708 7773 7812 7832 7979 55 171 195 336 506 653 906 985 1549 1661 2295 2525 2545 2748 2991 3217 3373 3541 3742 3932 4320 4585 4830 4988 5239 5324 5383 5538 5665 5684 5981 6157 6236 6366 6519 6573 6644 6739 6803 6868 7054 7201 7268 7865 
17: 125 181 409 427 451 474 1187 1302 1327 1368 1443 1448 1487 1599 1688 1811 2318 2429 2486 2533 2611 2758 2813 3115 3138 3142 3152 3262 3510 3702 3706 4012 4250 4322 4480 4637 4918 4964 5598 5842 5957 6085 6229 6392 6639 6692 6965 7107 7266 7349 7899 7913 7944 7973 21 201 316 1002 1119 1316 1339 1390 1468 1472 1499 2012 2047 2102 2310 2319 2710 2832 3279 3444 3569 3769 3770 3965 4456 4615 4630 4672 4714 4796 5035 5460 5474 5713 5808 5967 6094 6450 6853 7014 7295 7667 7709 7774 7895 
18: 66 384 394 438 655 923 1323 1453 1732 1734 1745 1990 1991 2065 2297 2359 2428 2496 3059 3158 3198 3371 3563 3795 3862 3935 4222 4269 4299 4343 4627 4809 5145 5382 5413 5540 5649 5781 5834 5944 6207 6382 6576 6831 6889 6939 6973 7039 7196 7430 7545 7697 7742 7803 7879 362 512 656 904 1137 1315 1502 1629 1849 1902 2023 2058 2356 2582 2661 2682 2702 2764 2963 2986 3622 3658 3787 4232 4834 4850 4930 5146 5358 5495 5523 5653 5694 5792 5820 5846 6008 6637 6643 6820 7004 7367 7394 
19: 524 658 694 951 1257 1314 1541 1722 1988 2221 2291 2488 2551 2985 3539 3567 3627 3725 3774 3805 3846 3872 4191 4265 4350 4452 4552 4576 4602 4642 4829 5129 5228 5381 5385 5400 5603 5637 5714 5920 6139 6305 6444 6542 6555 6591 6854 7479 7645 7874 7981 43 494 670 678 696 698 798 882 1150 1268 1783 1874 1888 1925 2179 2457 2535 2664 2739 2784 3031 3349 4240 4262 4439 4550 4662 4700 4923 5331 5459 5532 5650 5715 6106 6548 6559 6875 6959 7393 7484 7565 7696 7776 7884 7952 7975 
20: 114 223 284 429 519 640 659 1087 1102 1167 1388 1547 1579 1998 2008 2050 2059 2170 2244 2366 2382 2686 2734 2913 3167 3533 3590 3639 3740 3780 3865 4024 4193 4292 4310 4410 4414 4419 4477 4560 4725 4897 4971 5027 5071 5949 6048 6068 6196 7134 7495 7707 7893 104 152 590 1627 1668 1739 1964 1975 2082 2105 2167 2357 2364 2476 2584 2815 2827 3082 3226 3384 3671 3950 4064 4091 4170 4736 5045 5135 5175 5256 5303 5319 5402 5448 5452 5844 5866 6091 6201 6286 6320 6456 6515 6919 6944 7822 7897 
21: 8 40 82 214 401 463 821 823 877 1040 1061 1287 1325 1425 1432 1548 1591 1871 1980 2060 2207 2373 2660 2667 2781 2825 2974 2983 3053 3091 3203 3363 3580 3897 4037 4252 4431 4517 4791 4993 5483 5735 5799 5914 6127 6213 6311 6318 6429 6570 6603 6697 6851 6905 7158 7293 7383 7716 7857 7996 2 224 554 1360 1853 2110 2381 2704 2967 3233 3283 3353 3606 3700 3868 4218 4653 4798 4960 5430 6642 6907 6946 7035 7407 7575 
22: 10 439 518 606 675 705 883 1260 1626 1749 1802 1936 2449 2651 3160 3206 3396 3566 3624 3704 3968 4167 4203 4334 4359 4411 4616 4730 4928 4958 4966 5052 5060 5151 5193 5278 5320 5360 5517 5783 5810 6227 6232 6268 6317 6507 6720 7024 7236 7377 7389 7592 7983 75 190 192 380 876 1239 1481 2112 2570 3236 3447 3690 3836 3879 4052 5091 5262 5464 5627 5738 6543 6917 6934 7191 7854 7901 
23: 28 228 271 278 280 615 738 780 1090 1495 1523 1528 1623 1659 1660 1851 1950 1986 2043 2166 2197 2263 2391 2463 2632 2680 2709 2727 2766 2789 2835 2945 3223 3265 3285 3362 3397 3415 3535 3708 3714 4111 4319 4336 4449 4737 5017 5224 5297 5323 5393 5537 5720 5900 5963 6141 6161 6167 6339 6417 6647 6718 6722 6910 6936 7103 7311 7374 7527 7657 7810 7811 7888 7950 
24: 16 31 101 145 159 234 261 341 440 583 600 629 686 710 721 809 934 1446 1452 1566 1727 2026 2107 2131 2135 2147 2176 2337 2349 2466 2511 2786 2855 2881 2885 2946 2969 2975 2978 2988 2993 3083 3085 3318 3338 3351 3486 3524 3587 3724 3934 4078 4146 4216 4290 4291 4314 4376 4412 4421 4471 4583 4883 4891 5246 5395 5396 5426 5443 5543 5876 5924 5983 5999 6258 6342 6511 6564 6598 6706 6760 6911 6913 6978 7267 7269 7310 7340 7379 7554 7610 7665 7714 7999 
25: 23 37 258 265 505 521 878 899 919 1099 1131 1255 1375 1387 1465 1535 1791 1867 2017 2034 2085 2129 2145 2165 2205 2235 2269 2333 2829 2933 3114 3161 3399 3418 3427 3457 3462 3689 3761 3809 3907 4026 4330 4363 4402 4503 4518 4582 4698 4735 4769 4790 5204 5257 5268 5287 5326 5351 5440 5466 5482 5572 5638 6098 6247 6359 6367 6408 6472 6621 6653 6846 6885 6987 7062 7066 7237 7296 7386 7460 7512 7609 7723 7804 7889 
26: 42 105 131 140 238 313 319 337 432 456 545 608 618 642 665 965 1021 1175 1340 1355 1380 1405 1418 1634 1656 1680 1719 1810 1850 2002 2124 2154 2322 2350 2372 2422 2639 2812 2891 2997 3003 3095 3132 3195 3220 3227 3428 3573 3621 3630 3645 3744 3772 3835 3923 3952 3955 4147 4257 4367 4380 4391 4432 4465 4811 5150 5173 5249 5274 5763 5841 5847 5854 5945 5988 6024 6039 6110 6166 6816 6872 6912 6928 7111 7210 7330 7356 7488 7491 7543 7586 7694 7916 7982 7985 
27: 85 86 106 441 580 599 814 874 889 890 986 999 1047 1064 1123 1173 1232 1250 1429 1633 1774 1779 1793 1805 1882 1899 1943 1983 2446 2543 2590 2771 2788 3026 3237 3302 3321 3452 3553 3727 4027 4124 4337 4355 4466 4765 5310 5677 5727 6096 6174 6388 6666 6673 6703 6741 6795 6829 6960 7162 7188 7392 7557 7585 7595 7611 7731 7858 7980 1185 1474 1744 2430 2776 3412 3557 3681 3993 4082 4132 4494 4571 4729 5366 5491 5635 5824 6173 6193 6228 6275 6381 6494 6776 7006 7388 7438 7489 7569 7847 
28: 250 259 340 382 582 607 630 644 676 677 679 697 779 829 845 931 952 998 1015 1049 1125 1144 1164 1219 1234 1343 1476 1677 1743 1804 1912 2039 2077 2127 2136 2200 2325 2367 2557 2631 2697 2928 2944 3004 3013 3219 3314 3329 3344 3431 3448 3552 3562 3599 3603 3638 3812 4093 4176 4309 4396 4420 4458 4679 4757 4824 4835 4934 5020 5037 5514 5662 5776 5786 5794 6020 6404 6411 6524 6544 6657 6753 6763 6873 6900 7056 7116 7283 7305 7328 7385 7426 7458 7511 7563 7668 7715 7823 7959 
29: 6 249 262 282 299 508 731 756 792 850 1068 1105 1107 1237 1317 1389 1544 1814 2000 2075 2104 2117 2158 2248 2348 2385 2681 2695 2723 2760 2782 2836 2979 3087 3200 3334 3496 3616 3741 3893 4153 4205 4301 4325 4404 4426 4441 4464 4504 4516 4650 4652 4724 4764 4836 4924 4956 5039 5314 5344 5367 5423 5470 5577 5607 5654 5722 5771 6015 6118 6131 6362 6504 6602 6735 6847 6858 6867 6908 6996 7094 7105 7194 7417 7446 7468 7684 7752 7927 7992 
30: 7 79 151 212 298 419 497 637 690 691 750 790 929 1082 1258 1271 1276 1281 1341 1367 1434 1501 1555 1824 1832 1854 1865 1896 1948 2055 2512 2514 2796 2819 2823 2849 3057 3306 3312 3403 3813 3829 3833 3838 4038 4050 4087 4103 4169 4263 4284 4502 4568 4673 4695 4799 4862 4945 5090 5131 5218 5503 5563 5700 5863 5975 5996 6071 6153 6164 6168 6178 6225 6328 6581 6727 6729 6780 6785 6833 7021 7040 7061 7085 7197 7243 7278 7286 7375 7496 7497 7549 7614 7627 7632 7683 7886 
31: 26 141 225 252 683 1267 1285 1310 1385 1403 1903 1978 2149 2210 2604 2762 2826 3010 3047 3168 3179 3307 3617 3619 3701 3854 3917 3918 4043 4067 4392 4522 4547 4943 4953 5212 5362 5528 5551 5768 5993 6064 6138 6276 6302 6656 6678 6813 6834 6967 7070 7477 7835 78 98 200 471 863 869 910 1083 1101 1892 1953 2091 2334 2561 2613 2634 2707 3267 3922 4207 4297 4597 4640 4851 4937 5096 5285 5660 5678 5790 5891 5922 6523 6629 6670 7120 7332 7830 7843 
32: 219 354 499 542 735 806 1228 1335 1347 1404 1424 1449 1456 1464 1592 1761 1773 1785 1825 1945 1996 2040 2256 2360 2410 2478 2838 2864 3335 3433 3463 3536 3670 3730 3799 3909 3976 4094 4106 4190 4215 4277 4332 4386 4390 4437 4467 4489 4601 4904 5290 5305 5333 5339 5592 5595 5985 6115 6231 6432 6609 6646 6758 6890 7180 7338 7535 7597 7842 7937 7964 
33: 107 143 297 306 348 400 527 871 886 909 911 1127 1148 1171 1320 1373 1466 1526 1663 1760 1770 1891 1931 2005 2015 2323 2341 2352 2396 2475 2588 2609 2645 2716 2724 2744 2802 2893 2897 2950 3184 3324 3374 3502 3667 3756 3885 3931 3945 4287 4324 4454 4749 4978 5221 5451 5566 5652 5686 5693 5750 6074 6241 6262 6304 6326 6584 6630 6633 6668 6669 6695 7176 7230 7312 7341 7615 7726 7744 7824 7845 7883 
34: 61 221 421 478 479 495 509 695 723 1097 1145 1334 1438 1463 1699 1717 1807 1827 1884 2153 2216 2278 2330 2354 2394 2452 2536 2550 2857 3075 3224 3296 3537 3561 3594 3609 3694 3827 3844 3921 3939 3940 3985 4137 4210 4423 4438 4442 4594 5099 5304 5353 5404 5728 5770 5831 5931 5943 5961 6026 6030 6067 6179 6209 6451 6743 7415 7448 7466 7598 7603 7633 7710 7741 7852 7882 
35: 63 203 253 523 709 887 924 940 984 995 1077 1151 1183 1226 1282 1377 1440 1638 1706 1712 1833 1995 2030 2044 2146 2523 2574 2628 2714 2726 2831 2845 2887 3045 3133 3159 3194 3327 3337 3379 3425 3479 3549 3898 4018 4157 4202 4293 4316 4579 4629 4746 4772 4967 5030 5377 5661 5867 5888 5941 6017 6036 6294 6508 6562 6604 6689 6733 6822 6898 6925 7002 7254 7342 7450 7463 7529 7576 7591 7629 7659 7685 7856 7947 7958 
36: 46 255 312 560 571 577 833 990 1038 1098 1180 1251 1639 1654 1679 1800 1938 1977 2024 2042 2094 2420 2469 2473 2605 2607 2693 2708 2970 2972 3021 3222 3491 3709 3759 3875 3948 4054 4109 4122 4141 4155 4185 4198 4239 4401 4435 4436 4478 4531 4687 4707 4740 4832 4852 4884 4998 5347 5468 5520 5531 5769 5775 5777 5778 5801 5818 6046 6079 6093 6364 6399 6464 6572 6798 6821 6836 6904 7022 7045 7069 7203 7258 7347 7555 7689 7705 7718 7820 7826 7875 7951 7963 
37: 118 240 241 565 741 851 901 957 1204 1467 1594 1615 1781 1868 1914 2001 2092 2139 2331 2342 2363 2370 2517 2926 3151 3232 3239 3242 3442 3474 3556 3688 3803 3863 4358 4379 4394 4499 4588 4591 4593 4739 4779 4970 5026 5042 5059 5075 5094 5235 5284 5346 5356 5429 5544 5578 5594 5997 6035 6052 6054 6223 6402 6462 6463 6479 6681 6888 6970 6992 7057 7076 7172 7225 7273 7289 7350 7352 7453 7472 7737 7767 7932 7940 7949 
38: 70 169 216 500 635 967 1057 1206 1419 1969 2073 2074 2172 2378 2573 2596 2615 2683 2846 2942 3070 3258 3328 3778 3876 4115 4182 4259 4356 4657 4682 4706 4753 4802 4855 4871 4980 5008 5067 5534 5696 5850 5859 6047 6088 6370 6372 6423 6497 6551 6648 6731 6742 6775 7187 7206 7306 7506 7528 7534 7699 7787 7990 
39: 120 213 245 973 1084 1085 1345 1765 1861 2304 2581 2921 2980 3014 3098 3210 3277 3398 3523 4032 4188 4422 4564 4909 5016 5038 5069 5112 5116 5174 5253 5296 5390 5623 5675 5821 6217 6301 6492 6593 6595 6638 6661 6721 6805 7029 7032 7222 7323 7360 7513 268 296 386 449 533 550 680 707 1042 1279 1414 1421 1436 1469 1503 1675 1752 1766 1941 2137 2266 2393 2633 2824 2959 3175 3216 4280 4678 4758 4804 5243 5350 5536 5615 5692 6090 6132 6150 6252 6439 6607 6956 6985 7011 7114 7227 7406 7961 
40: 74 199 369 464 526 623 771 783 805 815 930 1008 1062 1106 1174 1312 1328 1517 1527 1710 1841 1920 2080 2185 2214 2236 2250 2343 2503 2583 2586 2674 2750 2778 2800 3001 3118 3129 3193 3229 3230 3254 3315 3322 3424 3521 3592 3947 3963 4148 4164 4800 4842 4880 4908 5161 5167 5184 5191 5209 5247 5399 5455 5496 5500 5526 5542 5601 5736 5788 5902 5935 6143 6144 6186 6277 6293 6300 6325 6341 6347 6419 6434 6489 6490 6712 6764 6777 6788 7015 7049 7091 7307 7440 7539 7546 7578 7905 7925 
41: 4 293 307 334 570 579 682 754 758 760 963 1181 1220 1576 1606 1763 1866 1886 2177 2181 2224 2345 2499 2532 2554 2624 3090 3128 3176 3482 3628 3631 3632 3717 3737 3797 3871 3905 4108 4144 4241 4409 4538 4559 4562 4604 4619 4624 4663 4860 4997 5001 5004 5066 5111 5141 5227 5354 5401 5416 5690 5838 5839 6005 6278 6321 6369 6389 6449 6664 6855 6921 7095 7108 7112 7331 7410 7423 7518 7548 7647 7692 7781 7969 
42: 62 263 276 507 662 688 704 944 1111 1513 1856 1895 2332 2443 2623 2642 2699 2732 2753 2888 3080 3301 3341 3413 3542 3807 3941 4036 4221 4381 4462 4892 4913 4914 4974 5242 5277 5434 5439 5442 5476 5499 5550 5680 5681 5731 5773 5874 5956 5962 6425 6605 6616 6716 6771 6804 6902 6997 7151 7898 7904 
43: 36 91 177 811 820 1050 1080 1159 1241 1381 1564 1570 1605 1709 1952 2237 2241 2286 2387 2494 2524 2603 2614 2803 2977 3368 3414 3498 3748 3837 3900 4294 4603 4625 4717 4806 4826 4854 4861 4985 5648 5739 5766 5856 5887 5947 6018 6125 6422 6554 6684 6923 6932 7027 7036 7335 7416 7428 7473 7552 7780 7953 
44: 48 67 272 357 361 366 424 585 631 942 1026 1053 1055 1330 1398 1504 1511 1556 1696 1704 1869 1949 2140 2243 2515 2703 3260 3264 3286 3360 3518 3764 4002 4021 4074 4162 4253 4295 4385 4793 4911 4931 5132 5148 5157 5164 5200 5291 5337 5372 5428 5449 5469 5480 5619 5745 5795 5798 5806 5819 5916 5951 5966 6145 6203 6243 6266 6315 6324 6330 6560 6808 6870 6882 6954 6966 7072 7077 7093 7202 7240 7656 7840 7892 
45: 115 126 129 162 562 649 763 765 769 838 867 872 928 1489 1494 1506 1618 1649 1728 1971 2079 2150 2229 2293 2558 2647 2669 2694 2736 2773 2843 2900 2987 3051 3103 3144 3156 3250 3481 3484 3526 3736 3752 3768 3995 4201 4307 4373 4519 4600 4617 4646 5098 5263 5340 5530 5557 5644 5749 5764 5789 5815 5977 6028 6128 6190 6386 6448 6471 6596 6599 7106 7174 7239 7290 7329 7564 7642 7687 7693 7698 7719 7846 7976 
46: 60 100 327 408 443 465 469 541 574 627 684 726 966 1208 1306 1411 1693 1702 1747 1828 1904 1917 1956 2068 2128 2138 2436 2757 2817 2869 2925 2971 3099 3124 3148 3154 3171 3300 3369 3376 3597 3655 3668 3673 3739 3815 3860 3880 3971 4104 4224 4279 5082 5182 5307 5418 5488 5579 5759 5782 6065 6126 6191 6390 6952 6979 7003 7133 7143 7167 7179 7364 7372 7475 7626 7765 7853 7910 7918 7919 
47: 38 161 215 267 355 572 736 766 800 945 1024 1115 1122 1293 1393 1409 1462 1538 1584 1622 1859 2114 2351 2552 2601 2617 2872 2954 2995 3122 3157 3208 3332 3388 3554 3661 3726 3792 3801 3936 4260 4274 4387 4572 4577 4877 4938 4969 4982 5010 5110 5433 5490 5612 5630 5679 5705 5706 5908 6058 6061 6135 6332 6526 6568 6786 6894 7012 7260 7299 7355 7449 7514 7600 
48: 3 418 576 646 810 817 844 880 1114 1484 1628 1697 1821 2084 2231 2456 2654 2676 2751 2791 3074 3180 3281 3579 4003 4399 4447 4491 4726 4785 4792 4844 5051 5171 5206 5279 5318 5349 5388 5702 5710 5712 5747 5970 6221 6245 6500 6520 6736 6793 6942 7084 7224 7556 7561 7608 7850 
49: 197 208 227 692 839 950 1147 1178 1264 1396 1410 1500 1842 1974 2014 2192 2500 2546 2719 2873 2890 3067 3268 3574 3634 3830 3962 3969 4005 4219 4235 4305 4371 4507 4638 4762 4905 4961 5250 5328 5427 5478 5486 5510 5547 5567 5586 5895 6000 6109 6250 6790 6857 6884 6950 7063 7109 7930 
50: 89 305 433 448 477 546 557 715 918 939 971 1121 1338 1483 1519 1562 1655 1820 1829 1847 1863 1887 1937 2007 2303 2460 2505 2567 2571 2616 2698 2848 2896 2999 3386 3544 3648 3710 3870 4000 4267 4406 4444 4506 4510 4534 4555 4686 5102 5582 5657 5774 5860 5871 6113 6205 6222 6403 6465 6537 6569 6592 6832 6916 7005 7048 7395 7599 7790 7844 7868 7943 
51: 87 116 122 168 198 202 226 279 371 470 605 716 733 794 862 914 955 1079 1195 1313 1416 1477 1740 1786 1864 1873 1893 1932 2031 2054 2063 2119 2121 2156 2190 2208 2306 2327 2489 2534 2555 2629 2759 3271 3291 3356 3543 3565 3888 3914 3978 4053 4184 4200 4212 4288 4311 4429 4486 4719 4738 4865 5015 5130 5152 5177 5424 5453 5574 5596 5884 6006 6070 6140 6170 6172 6177 6198 6272 6344 6351 6427 6614 6659 6738 6980 7313 7363 7384 7401 7478 7682 7758 7967 
52: 20 111 211 222 325 385 390 393 468 632 873 1011 1037 1100 1378 1454 1586 1600 1651 1691 1759 1870 1942 2037 2183 2284 2427 2470 2643 2662 2666 2805 2816 2956 2981 3049 3134 3145 3382 3530 3596 3684 3919 3966 3973 4028 4056 4156 4580 4874 4879 5106 5115 5159 5885 5934 6023 6043 6101 6169 6261 6263 6312 6445 6459 6481 6759 6929 6971 7013 7096 7159 7263 7297 7476 7517 7620 7691 7695 7724 7821 7838 7867 7873 7878 
53: 184 194 388 481 516 548 674 786 791 827 938 954 996 1007 1048 1103 1261 1263 1269 1366 1371 1382 1525 1771 1951 1973 1993 2162 2193 2228 2432 2498 2531 2763 2772 2927 3030 3289 3290 3308 3421 3475 3504 3691 3755 3786 3911 3912 3943 3957 3986 4006 4020 4047 4060 4254 4481 4666 4701 4815 4893 4984 5041 5081 5185 5231 5516 5518 5559 5585 5658 5664 5796 5896 6087 6295 6309 6467 6539 6587 6641 6859 7017 7071 7163 7199 7320 7503 7636 7757 7796 7861 
54: 33 300 339 351 398 399 404 420 531 647 703 708 773 832 853 855 857 893 964 992 1032 1067 1126 1249 1256 1322 1510 1551 1608 1700 1790 1918 2006 2347 2408 2419 2487 2597 2663 2861 3020 3029 3172 3253 3255 3272 3319 3473 3601 3821 3832 3840 3849 3892 4041 4062 4230 4243 4306 4326 4328 4352 4446 4723 4733 4794 4949 5009 5180 5181 5217 5261 5283 5327 5471 5591 5618 5698 5730 5767 5930 6303 6357 6368 6416 6517 6527 6615 6972 7068 7171 7245 7567 7649 7650 7669 7675 7712 7993 
55: 164 239 689 752 759 891 972 1190 1212 1309 1857 2025 2111 2203 2292 2317 2569 3205 3238 3728 3825 4158 4229 4545 4553 4925 4996 5166 5411 5465 5519 5560 5580 5620 5683 5784 6019 6333 6566 6617 6768 6774 6819 6957 6993 7083 7256 7285 7345 7371 7409 7441 7445 7553 7935 7971 
56: 95 109 205 218 376 584 586 595 626 634 785 819 969 974 1142 1439 1442 2004 2009 2194 2213 2249 2335 2461 2509 2541 2593 2626 2644 2685 2880 3008 3422 3477 3642 3878 3920 3964 4152 4384 4690 4845 4885 4889 5195 5406 5508 5659 5809 5905 5923 6032 6059 6185 6189 6365 6401 6535 6982 7276 7412 7499 7589 7739 7746 7753 7862 7880 7890 7894 7955 7956 
57: 19 27 44 71 124 128 156 165 446 567 728 894 935 1230 1333 1402 1435 1604 1916 1927 2163 2257 2572 2585 2610 2677 2720 2743 2915 2960 3183 3234 3492 3605 3615 3672 3779 3867 3942 3944 4088 4125 4228 4341 4370 4398 4548 4556 4558 4581 4858 4882 4952 5040 5092 5121 5124 5134 5238 5302 5315 5581 5602 5674 5872 6482 6522 6613 6807 6922 7200 7272 7452 7568 7690 7831 7902 7988 
58: 130 485 841 988 1044 1054 1075 1129 1197 1652 1720 2276 2281 2407 2447 2462 2471 2656 2783 2883 3046 3060 3333 3439 3765 3782 3982 4199 4217 4266 4479 4639 4814 4873 4989 5089 5153 5188 5365 5392 5515 5608 5669 5716 6080 6081 6163 6188 6378 6387 6577 6737 6799 6865 6877 6886 6924 6998 7046 7123 7431 7536 7651 7808 7941 7986 
59: 480 511 778 1091 1095 1319 1412 1593 1596 1840 2279 2365 2474 2627 2687 2717 2814 2865 2936 2951 3383 3458 3461 3538 3686 3958 4105 4271 4424 4459 4670 4720 4939 4940 4962 4977 5076 5078 5179 5299 5473 5511 5643 5688 5969 6215 6485 6649 6671 6772 6844 6935 7262 7271 7301 7515 7541 7923 7936 7962 
60: 73 80 94 243 619 700 793 898 925 977 991 1000 1003 1016 1093 1116 1146 1169 1337 1427 1488 1664 1746 1955 1994 2099 2169 2280 2312 2501 2518 2566 2635 2706 2730 2822 2909 2917 3039 3052 3225 3266 3340 3345 3355 3417 3731 3992 4040 4045 4536 4631 4722 4781 5072 5172 5241 5273 5494 5667 5742 5761 5858 6033 6184 6216 6242 6323 6431 6563 6611 6762 6839 6887 6989 6994 7019 7033 7177 7217 7357 7370 7439 7520 7681 7732 7791 
61: 11 170 220 301 349 475 493 594 625 667 681 789 799 908 1601 1694 1813 2184 2187 2277 2287 2315 2338 2528 2678 2689 2859 2907 2940 3037 3088 3170 3211 3284 3385 3591 3660 3692 3933 3988 4039 4095 4113 4181 4206 4231 4255 4340 4586 4645 4807 4896 5019 5165 5215 5281 5498 5558 5600 5717 5800 5804 5862 6007 6060 6208 6310 6336 6405 6430 6631 6635 6734 6783 6903 6953 7038 7079 7102 7119 7132 7193 7198 7212 7300 7325 7400 7411 7679 7722 
62: 14 57 247 367 413 621 673 743 856 885 981 1134 1308 1358 1455 1550 1723 1907 2109 2233 2339 2450 2735 2749 2879 2904 3097 3106 3545 3564 3568 3643 3733 3781 4329 4403 4450 4563 4567 4901 5646 5744 5751 6130 6436 6525 6824 6901 7242 7248 7596 7641 7728 7825 7995 
63: 52 69 133 237 317 347 490 807 913 1058 1202 1300 1399 1571 1577 1578 1686 1844 2083 2101 2159 2226 2267 2421 2769 2830 2863 2962 3117 3256 3303 3331 3378 3514 3656 3715 4248 4364 4797 4843 5189 5203 5240 5276 5583 6022 6159 6355 6675 7008 7241 7457 7660 7908 
64: 236 457 968 1009 1236 1492 1568 1961 1999 2142 2173 2264 2504 2840 3064 3089 3228 3275 3294 3320 3464 3494 3532 3551 3635 3649 3678 3697 4189 4440 4457 4532 4605 4622 4636 5002 5021 5234 5292 5378 5379 5743 6397 6433 6499 6550 6627 6658 6674 6769 6940 7207 7373 7516 7617 7680 7792 7797 7836 7926 
65: 59 92 387 417 436 537 1045 1348 1533 1575 1609 1621 1685 1735 1742 1862 1921 1987 2013 2445 2465 2520 2646 2672 2908 2914 2920 2931 2952 3257 3323 3336 3339 4285 4484 4819 4820 4822 4987 5084 5252 5345 5554 5647 5689 5719 5811 5853 5954 6025 6409 6421 6580 6690 6704 7041 7051 7768 7827 
66: 402 504 609 645 742 902 1052 1060 1196 1248 1490 1669 1772 1928 2148 2384 2598 2851 2965 2984 3181 3190 3261 3437 3607 3713 3729 4048 4175 4246 4397 4451 4634 4710 4816 4968 5022 5028 5079 5207 5405 5535 5541 5741 5813 5912 5933 5958 6380 6750 6754 6899 7043 7065 7238 7359 7378 7432 7532 7605 7851 
67: 15 206 405 458 685 781 788 825 903 927 1092 1096 1140 1153 1161 1194 1205 1266 1296 1301 1646 1662 1777 1818 1823 1876 1965 2067 2097 2126 2215 2313 2328 2375 2412 2439 2542 2801 3078 3104 3110 3130 3251 3446 3512 3777 3784 3828 3877 4160 4233 4487 4500 4606 4709 4839 4870 4895 4981 4986 5061 5133 5199 5229 5380 5387 5611 5621 5697 5724 5948 5972 5976 6012 6027 6066 6146 6233 6374 6516 6677 6699 6745 6881 6991 7009 7060 7097 7126 7146 7259 7279 7464 7587 7593 7625 7631 7750 7783 7860 
68: 22 88 102 148 232 320 558 638 699 720 737 826 837 1043 1065 1265 1459 1588 1645 1665 1911 2029 2064 2155 2201 2230 2553 2618 2620 2752 2807 2878 3178 3259 3487 3577 3721 3890 4197 4455 4524 4544 4711 4886 4959 5003 5139 5334 5553 5626 5639 5655 5779 5910 5979 6075 6099 6122 6253 6424 6618 6693 6801 7050 7135 7150 7175 7190 7213 7361 7403 7640 7703 7713 7725 7738 7779 7801 
69: 182 460 502 561 568 717 718 962 1046 1172 1176 1201 1254 1406 1590 1653 1714 1756 2174 2239 2260 2298 2435 2483 2684 2765 2795 2922 3201 3221 3316 3359 3411 3478 3571 3734 3855 3984 4100 4172 4508 4539 4598 4621 4748 4828 5029 5086 5138 5149 5190 5342 5668 5691 5869 6187 6218 6257 6469 6531 6624 6709 6725 6744 6802 7026 7092 7233 7252 7343 7435 7487 7508 7580 7766 7900 
70: 41 103 210 260 356 414 452 498 540 596 601 643 740 812 941 1156 1170 1245 1493 1557 1817 1923 2204 2275 2285 2493 2630 2649 2668 2671 2679 2798 2841 2852 2943 3012 3036 3077 3109 3247 3354 3469 3495 3679 3711 3850 4004 4126 4321 4400 4470 4512 4541 4614 4677 4692 4840 4965 5033 5300 5374 5762 5797 5904 5906 5929 5940 5955 5982 6011 6133 6181 6360 6377 6384 6486 6501 6714 6770 6838 6883 6981 7082 7211 7365 7526 7570 7601 7628 7686 7727 7761 7770 7809 7931 
71: 56 230 266 309 338 350 352 492 592 848 961 987 1104 1163 1295 1354 1491 1632 1837 1881 1979 2209 2218 2232 2283 2314 2324 2344 2495 2497 2549 2797 3005 3017 3040 3041 3084 3112 3389 3416 3558 3773 3817 4035 4083 4139 4272 4483 4623 4699 4771 4789 5068 5107 5109 5447 5546 5593 5725 5878 6137 6156 6197 6240 6290 6292 6331 6441 6540 6558 6728 6809 6828 7314 7397 7413 7530 7550 7634 7702 7751 7785 
72: 112 150 294 364 396 425 426 539 693 747 757 854 892 970 975 1066 1154 1160 1182 1184 1284 1508 1524 1567 1701 1729 1798 1839 1845 1913 1939 1989 2061 2171 2175 2271 2308 2403 2526 2652 2811 2955 3002 3016 3392 3509 3800 3810 3820 3852 3883 3899 3930 3953 4065 4179 4313 4463 4681 4704 4715 4734 4881 4903 4975 5197 5216 5225 5266 5288 5338 5432 5631 5663 5704 5737 5873 5879 5901 5998 6003 6097 6120 6199 6322 6350 6503 6547 6665 6752 6827 6920 6951 7186 7251 7408 7470 7540 
73: 83 144 149 154 303 331 332 453 597 603 864 1072 1152 1179 1505 1509 1612 1725 1860 1933 1958 1968 2056 2093 2178 2199 2296 2433 2637 2640 2998 3058 3101 3185 3218 3420 3666 3789 3889 4033 4119 4130 4192 4195 4388 4756 4910 5054 5063 5147 5169 5422 5484 5548 5614 5791 5802 5830 6496 6557 6600 6789 7025 7354 7462 7604 
74: 51 204 244 292 411 652 865 868 1027 1056 1162 1303 1305 1351 1512 1545 1641 1726 2038 2062 2188 2371 2522 2568 2650 2653 2746 3042 3072 3092 3136 3143 3182 3243 3299 3313 3370 3400 3460 3555 3593 3598 3771 3882 3887 3896 3926 3990 4057 4121 4354 4425 4498 4528 4618 4643 4656 4775 4778 4907 4921 4972 5127 5143 5259 5294 5407 5549 5556 5571 5833 5926 6010 6076 6104 6116 6204 6214 6287 6484 6530 6700 6860 7090 7127 7131 7319 7661 7928 
75: 345 346 389 407 496 530 611 803 978 1070 1165 1193 1365 1376 1648 1795 1852 1984 2151 2301 2441 2521 2820 2949 3063 3245 3276 3325 3426 3467 3485 3653 3804 3806 3913 3916 4086 4238 4393 4460 4569 4641 4694 5007 5136 5168 5192 5386 5417 5456 5565 5605 5685 5753 5899 6124 6180 6343 6461 6583 6849 7138 7226 7344 7422 7639 7793 7798 7924 
76: 30 191 235 322 437 491 589 628 671 762 846 895 1025 1133 1166 1189 1203 1369 1400 1457 1532 1565 1657 1676 1682 1755 1764 1796 1803 1910 2096 2113 2259 2329 2482 2563 2675 2787 2792 2905 2916 3038 3061 3163 3364 3443 3513 3746 3808 3811 4068 4134 4150 4223 4225 4244 4501 4527 4554 4613 4665 4674 4761 4812 4947 4990 5140 5254 5462 5492 5740 5942 6004 6316 6358 6361 6455 6513 6518 6682 6715 6918 6933 6941 6983 7136 7137 7192 7209 7228 7481 7500 7510 7711 7729 7775 7855 7912 7921 7968 
77: 68 257 283 415 522 556 602 648 664 713 777 828 884 1020 1221 1336 1350 1486 1536 1582 1674 1797 1889 1894 2081 2087 2118 2223 2251 2326 2353 2411 2810 3188 3393 3405 3436 3449 3493 3604 3633 3796 3819 3831 3845 3891 4017 4034 4080 4107 4143 4261 4493 4505 4609 4612 4633 4648 4786 4813 4890 4951 5047 5062 5461 5840 5864 6084 6319 6393 6585 6589 6672 6794 7100 7147 7204 7220 7281 7336 7474 7637 7674 7881 
78: 113 175 503 520 617 749 802 900 949 1017 1112 1209 1326 1374 1636 1787 2033 2247 2376 2490 2741 3035 3173 3497 3531 3595 3826 3886 4031 4696 4697 4708 4777 4922 4944 4995 5214 5364 5425 5640 5829 5974 6289 6338 6414 6420 6495 6683 6779 7459 7490 7784 7788 
79: 25 302 510 532 672 808 813 852 1059 1155 1273 1530 1858 1908 1930 1962 2484 2966 3048 3121 3153 3177 3440 3471 3859 3908 4015 4071 4214 4283 4475 4523 4574 4608 4628 4754 4868 5409 5636 5882 5960 6045 6092 6283 6691 6710 6938 7157 7181 7223 7315 7465 7624 7837 7870 
80: 167 270 323 324 370 381 392 422 578 651 725 745 753 1128 1143 1186 1231 1252 1356 1370 1529 1670 1906 2057 2078 2095 2116 2144 2186 2238 2361 2379 2527 2579 2648 2721 2867 2934 2989 3043 3044 3137 3147 3466 3516 3547 3680 3720 3925 4014 4061 4084 4282 4492 4496 4549 4660 4668 4767 4872 5046 5128 5160 5308 5316 5355 5357 5509 5726 5826 5880 5909 5937 6002 6021 6123 6545 6588 6708 6747 6797 6830 6852 7130 7153 7255 7265 7284 7324 7425 7621 7877 7978 7987 
81: 187 444 620 641 956 958 979 1018 1022 1029 1109 1135 1157 1177 1283 1294 1413 1422 1522 1558 1561 1705 1713 1855 1900 1919 2016 2020 2168 2253 2386 2438 2701 2761 2828 2924 2932 3270 3434 3754 3788 4070 4362 4368 4476 4570 4658 4827 4833 4866 4933 5034 5125 5264 5589 5629 5835 5837 6112 6176 6212 6224 6279 6298 6512 6574 6612 6686 6782 6843 6949 7104 7165 7205 7280 7302 7362 7399 7421 7429 7560 
82: 173 174 515 553 598 755 933 1124 1240 1243 1246 1321 1521 1569 1603 1650 1658 2010 2088 2160 2234 2270 2388 2392 2395 2416 2417 2491 2556 2592 2715 2745 2854 2903 3126 3191 3235 3350 3581 3626 3646 3763 3937 3999 4066 4120 4154 4234 4278 4427 4526 4841 4973 4991 5085 5097 5198 5222 5450 5467 5525 5729 5748 5927 5965 6038 6073 6086 6089 6202 6534 6606 6655 6688 6705 6784 6897 7047 7182 7195 7405 7558 7577 7623 7644 7663 7848 
83: 45 77 117 329 416 486 489 569 849 907 953 982 993 1012 1034 1289 1332 1383 1496 1631 1637 1690 1924 1929 1957 2141 2198 2258 2274 2316 2451 2485 2548 2638 2665 2722 2725 2728 2899 3196 3326 3372 3419 3584 3625 3647 3676 3776 3851 3954 4178 4186 4247 4351 4418 4551 4596 4810 4818 5058 5329 5397 5441 5472 5584 5687 5855 6001 6009 6051 6152 6299 6354 6391 6400 6435 6687 6702 6719 6841 6958 7020 7219 7390 7398 7443 7456 7504 7583 7607 7676 7701 
84: 137 176 217 277 281 435 513 702 997 1028 1078 1259 1563 1602 1640 1698 1872 1985 2018 2048 2182 2540 2602 2625 2690 2755 3455 3623 3929 3938 4142 4304 4318 4331 4338 4346 4377 4712 4773 5201 5248 5376 5389 5568 5785 5889 5918 5953 6016 6050 6057 6082 6175 6259 6506 6597 6620 6840 6864 6930 7469 7646 7652 7814 7914 7960 
85: 18 466 633 719 980 1006 1030 1086 1379 1516 1534 1553 1684 1716 1788 1815 2076 2122 2130 2132 2252 2426 2440 2818 2866 2906 3410 3432 3517 3629 3997 4114 4133 4281 4357 4472 4533 4795 5158 5270 5301 5341 5673 5822 5843 5995 6029 6077 6083 6267 6270 6447 6622 6756 6968 7016 7139 7249 7250 7573 7907 7939 
86: 35 96 108 304 333 455 622 657 1288 1479 1780 1915 2125 2404 2929 3347 3409 3519 3560 3611 3858 3881 3981 3991 4317 4566 4573 4590 4976 5006 5053 5336 5368 5437 5463 5487 5628 6037 6055 6254 6415 6536 6610 6796 6876 6976 6999 7144 7257 7551 7807 7815 
87: 135 153 251 264 273 360 459 748 835 1191 1610 1616 1762 1935 1982 2134 2575 2729 2837 3081 3298 3540 3738 3785 3839 4007 4171 4187 4361 4488 4521 4743 4760 4768 4849 4876 4932 5005 5408 5479 5533 5616 5861 6119 6194 6460 6654 6761 6931 6947 7142 7531 7574 7612 7678 7833 7920 
88: 93 373 410 581 593 701 706 764 917 959 1132 1217 1278 1280 1346 1480 1497 1518 1552 1580 1583 1595 1671 1724 1730 1731 1741 2098 2100 2161 2219 2459 2464 2467 2692 2754 2774 2882 3054 3107 3241 3297 3357 3438 3659 3663 3719 3723 3783 3847 4029 4090 4116 4242 4249 4298 4335 4671 4713 4716 4805 5011 5144 5230 5251 5481 5545 5587 5723 5870 5893 5911 5968 5973 6114 6129 6280 6371 6373 6375 6376 6394 6398 6601 6740 6781 6817 6975 6988 7074 7282 7298 7346 7455 7622 7942 
89: 97 412 525 650 666 767 847 921 1019 1394 1445 1498 1554 1687 1757 1775 1846 1878 1946 1947 1954 2022 2052 2123 2455 2657 2898 2990 3139 3361 3402 3406 3698 4118 4417 4513 4837 5073 5093 5113 5114 5196 5223 5255 5267 5359 5504 5599 5613 5634 5709 5780 5845 5881 5939 6237 6410 6478 6505 6694 6792 6837 6869 7058 7086 7149 7274 7351 7396 7419 7486 7502 7533 7542 7671 7764 7772 7778 7859 7891 7915 7972 
90: 17 147 157 193 462 881 1372 1407 1473 1574 1748 1809 2673 2770 2834 2923 3096 3123 3249 3278 3305 3310 3311 3404 3468 3665 3699 3745 3750 3751 3857 4044 4166 4308 4333 4485 4490 4825 4831 5000 5306 5421 5493 5604 5708 6200 6273 6282 6284 6346 6349 6477 6510 6636 6767 6863 6914 7117 7216 7485 7571 7789 7911 7922 
91: 242 289 378 445 613 1073 1223 1272 1363 1475 1482 1539 2225 2242 2245 2262 2398 2409 2589 2641 2733 2941 2947 2996 3076 3189 3199 3288 3488 3507 3600 3747 3794 3874 3894 4268 4286 4296 4344 4366 4592 4867 4992 5118 5213 5343 5384 5431 5903 6063 6134 6418 6723 6835 7080 7141 7244 7348 7353 7483 7519 7662 7672 7816 7938 7991 
92: 163 188 326 353 395 529 714 842 859 1001 1004 1010 1033 1071 1229 1352 1353 1485 1620 1630 1708 1754 1758 1792 1877 1879 2212 2377 2415 2442 2479 2516 2600 2809 3032 3079 3166 3365 3395 3429 3578 3640 3657 3848 3946 4365 4445 4537 4649 4675 4823 4894 4899 4906 4979 5012 5156 5271 5311 5711 5733 5803 5932 5959 5991 6239 6327 6457 6538 6575 6707 6730 6732 6800 6812 6893 6906 7101 7291 7303 7326 7559 7590 7619 7989 
93: 64 185 543 744 796 932 937 1428 1673 1737 1782 1959 2011 2305 2321 2560 2747 2767 2794 2833 2870 3146 3187 3231 3575 3977 4055 4097 4102 4127 4129 4245 4289 4655 4689 4801 4857 4859 4902 4936 5013 5025 5049 5057 5260 5272 5289 5656 5682 5817 5978 5990 6265 6291 6509 6579 6660 7073 7433 7581 7863 7946 7954 
94: 335 442 551 552 639 661 875 920 922 1094 1307 1808 2195 2355 2481 2806 2875 3022 3093 3094 3135 3282 3358 3441 3454 3456 3505 3641 3677 3743 3791 3901 3903 3959 3967 4098 4347 4407 4443 4509 4742 4919 5375 5609 5758 5986 6014 6034 6238 6676 6814 6866 7118 7381 7509 7706 7720 7760 7771 
95: 127 256 288 308 315 397 447 534 840 888 1357 1364 1581 1625 1848 1901 2288 2431 2737 2738 2842 2884 2939 3071 3263 3391 3501 3508 3583 3613 3818 4135 4140 4461 4557 4607 4683 4691 4846 5117 5718 5746 5754 5894 5946 6149 6182 6211 6281 6334 6458 6546 6625 6679 6969 7018 7121 7451 7653 7688 7717 7777 
96: 310 358 472 482 588 612 669 797 879 896 1074 1222 1297 1331 1386 1392 1559 1589 1736 1826 2108 2202 2289 2290 2562 2844 2935 3430 3528 3651 3654 4101 4208 4256 4312 4405 4453 4514 4595 4626 4644 4684 4755 4821 4847 4878 4926 4950 5044 5050 5056 5154 5444 5575 5576 5823 5898 5921 5925 5950 6154 6206 6452 6685 6698 6717 7010 7078 7089 7184 7214 7358 7376 7501 7521 7759 7794 7829 7929 
97: 172 318 483 566 724 768 866 1198 2027 2336 2358 2580 2799 2856 2911 2953 3015 3102 3380 3394 3401 3408 3476 3489 3490 3650 3762 3766 3866 3906 4059 4378 4599 4620 4676 4731 4770 4920 5373 5573 5622 5703 5913 6056 6072 6102 6626 6746 6862 6878 6891 6915 6926 6948 7055 7156 7185 7215 7277 7287 7288 7677 
