1 569.791016 55.458
2 657.622986 47.035
3 217.057007 362.065002
4 131.723999 353.368988
5 146.774994 77.421997
6 368.502991 154.195999
7 391.971008 154.475998
8 370.949005 60.969002
9 416.92099 8.361
10 395.640991 57.213001
11 364.238007 350.080994
12 80.044998 72.875999
13 165.343994 62.451
14 383.097992 241.973007
15 534.528015 98.429001
16 226.837997 125.291
17 584.614014 359.845001
18 513.591003 233.738998
19 320.148987 245.128006
20 253.957001 352.431
21 454.470001 125.014999
22 593.575012 60.258999
23 263.424011 154.389999
24 104.670998 131.177994
25 409.455994 395.993988
26 22.503 275.391998
27 321.587006 243.537003
28 207.826004 144.104996
29 133.755005 93.224998
30 619.84198 172.75